164840
164852
164725
164846
164770
164821
164832
164738
164720
164873
164831
164851
164895
164824
164896
164716
164763
164732
164826
164833
164888
164884
164847
164874
164890
164818
164793
164792
164889
164867
164871
164869
164883
164844
164685
164787
164790
164667
164791
164876
164806
164810
164805
164796
164881
164880
164525
164838
164899
164837
164797
164836
164820
164854
164786
164886
164897
164885
164664
164279
164784
164277
164783
164903
163760
163618
163763
164782
163615
164515
164305
163629
164779
164776
164778
148194
162637
162207
148174
148495
164545
146854
164553
146820
148714
163796
148165
164582
146550
148726
146907
146844
164083
147280
147063
146581
147062
164094
149705
148955
147060
147891
147067
149651
149749
146564
146568
164110
150267
150266
141997
140336
